 atom reference_number  X_aver(frac)   Y_aver(frac)   Z_aver(frac)
         1             0.0000000      0.0000000      0.0000000
         2             0.7499966      0.7499966      0.7499966
         3             0.7499966      0.7499966      0.2500034
         4             0.0000000      0.5000000      0.5000000
         5             0.7499966      0.2500034      0.2500034
         6             0.7499966      0.2500034      0.7499966
         7             0.5000000      0.0000000      0.5000000
         8             0.2500034      0.7499966      0.2500034
         9             0.2500034      0.7499966      0.7499966
        10             0.5000000      0.5000000      0.0000000
        11             0.2500034      0.2500034      0.7499966
        12             0.2500034      0.2500034      0.2500034
 
 Atom reference number= 1
      X         Y        Z          Average Cartesian coordinates (A) 
   0.00000   0.00000   0.00000
 
                  Uij (A^2)
  1.0049294E-08 -1.2693203E-17 -2.0094690E-17
 -1.2693203E-17  1.0049289E-08  1.0527070E-18
 -2.0094690E-17  1.0527070E-18  1.0049289E-08
 
 
 Atom reference number= 2
      X         Y        Z          Average Cartesian coordinates (A) 
   4.06947   4.06947   4.06947
 
                  Uij (A^2)
  7.3733442E-09 -1.2339495E-09 -1.2339495E-09
 -1.2339495E-09  7.3733442E-09 -1.2339495E-09
 -1.2339495E-09 -1.2339495E-09  7.3733442E-09
 
 
 Atom reference number= 3
      X         Y        Z          Average Cartesian coordinates (A) 
   4.06947   4.06947   1.35651
 
                  Uij (A^2)
  7.3733442E-09 -1.2339495E-09  1.2339498E-09
 -1.2339495E-09  7.3733442E-09  1.2339493E-09
  1.2339498E-09  1.2339493E-09  7.3733442E-09
 
 
 Atom reference number= 4
      X         Y        Z          Average Cartesian coordinates (A) 
   0.00000   2.71299   2.71299
 
                  Uij (A^2)
  1.0110574E-08 -1.7009601E-17  3.8820384E-18
 -1.7009601E-17  6.1122951E-09 -1.8560224E-17
  3.8820384E-18 -1.8560224E-17  6.1122951E-09
 
 
 Atom reference number= 5
      X         Y        Z          Average Cartesian coordinates (A) 
   4.06947   1.35651   1.35651
 
                  Uij (A^2)
  7.3733442E-09  1.2339498E-09  1.2339498E-09
  1.2339498E-09  7.3733442E-09 -1.2339495E-09
  1.2339498E-09 -1.2339495E-09  7.3733464E-09
 
 
 Atom reference number= 6
      X         Y        Z          Average Cartesian coordinates (A) 
   4.06947   1.35651   4.06947
 
                  Uij (A^2)
  7.3733442E-09  1.2339498E-09 -1.2339496E-09
  1.2339498E-09  7.3733442E-09  1.2339494E-09
 -1.2339496E-09  1.2339494E-09  7.3733464E-09
 
 
 Atom reference number= 7
      X         Y        Z          Average Cartesian coordinates (A) 
   2.71299   0.00000   2.71299
 
                  Uij (A^2)
  6.1122938E-09 -5.0378984E-18  3.4926854E-18
 -5.0378984E-18  1.0110570E-08 -1.4699575E-17
  3.4926854E-18 -1.4699575E-17  6.1122951E-09
 
 
 Atom reference number= 8
      X         Y        Z          Average Cartesian coordinates (A) 
   1.35651   4.06947   1.35651
 
                  Uij (A^2)
  7.3733508E-09  1.2339495E-09 -1.2339492E-09
  1.2339495E-09  7.3733428E-09  1.2339494E-09
 -1.2339492E-09  1.2339494E-09  7.3733455E-09
 
 
 Atom reference number= 9
      X         Y        Z          Average Cartesian coordinates (A) 
   1.35651   4.06947   4.06947
 
                  Uij (A^2)
  7.3733508E-09  1.2339495E-09  1.2339492E-09
  1.2339495E-09  7.3733428E-09 -1.2339492E-09
  1.2339492E-09 -1.2339492E-09  7.3733450E-09
 
 
 Atom reference number=10
      X         Y        Z          Average Cartesian coordinates (A) 
   2.71299   2.71299   0.00000
 
                  Uij (A^2)
  6.1122938E-09 -1.6628686E-17 -2.5195560E-18
 -1.6628686E-17  6.1122951E-09  1.8567368E-17
 -2.5195560E-18  1.8567368E-17  1.0110570E-08
 
 
 Atom reference number=11
      X         Y        Z          Average Cartesian coordinates (A) 
   1.35651   1.35651   4.06947
 
                  Uij (A^2)
  7.3733508E-09 -1.2339492E-09  1.2339494E-09
 -1.2339492E-09  7.3733455E-09  1.2339495E-09
  1.2339494E-09  1.2339495E-09  7.3733450E-09
 
 
 Atom reference number=12
      X         Y        Z          Average Cartesian coordinates (A) 
   1.35651   1.35651   1.35651
 
                  Uij (A^2)
  7.3733508E-09 -1.2339492E-09 -1.2339495E-09
 -1.2339492E-09  7.3733455E-09 -1.2339495E-09
 -1.2339495E-09 -1.2339495E-09  7.3733450E-09
 
